1 -2 -3 -4 -5
6 -7 -2 -8 -2 -9 -4
5 -6 -2 -7 -2 -10 -4
5 -6 -2 -7 -2 -11 -4
5 -6 -2 -7 -2 -12 -4
5 -6 -2 -7 -2 -13 -4
5 -6 -2 -7 -2 -14 -4
5 -6 -2 -7 -2 -15 -4
5 -6 -2 -16 -2 -17 -4
5 -18 -2 -19 -4
5 -20 -2 -21 -4
5 -22 -2 -23 -4
24 -25 -26 -27
26
28 -27 -29 -30 -31 -32 -2 -33 -34 -29 -35 -36 -37 -38 -39
16 -40 -41 -42 -43 -44 -45 -46 -47 -48 -4
27 -27 -28 -49 -6 -38 -50 -51 -52 -53 -54 -55 -49 -56 -29 -57 -58 -59 -60 -21 -49 -61 -62 -63 -64
16 -39 -40 -41 -65 -43 -66 -16 -39 -40 -41 -45 -47 -4
26
8 -67 -43 -65 -8 -45 -65 -12 -45 -68 -47 -47 -4
40 -69 -4
13 -70 -43 -65 -13 -45 -30 -71 -72 -47 -4
9 -73 -43 -65 -9 -45 -69 -47 -4
74 -45 -45 -68 -43 -66 -2 -75 -45 -47 -47 -76 -77 -47
26
26
16 -39 -40 -41 -78 -43 -53 -45 -68 -47 -4
27 -27 -50 -59 -21 -79 -70 -80 -81 -21 -61 -34 -82 -83 -84 -85 -86 -54 -58 -87 -34
26
82 -45 -64 -2 -88 -45 -21 -47 -47
26
27 -27 -50 -59 -52 -78 -89 -90 -29 -21 -57 -91 -92 -93 -49 -94 -54 -58 -29 -30
95 -96 -43 -64 -2 -97 -45 -21 -47 -4
98
99
26
64 -2 -85 -45 -21 -47 -4
94 -95 -43 -64 -2 -100 -45 -47 -4
97
97
26
97
97
97
72 -2 -101 -45 -47 -4
69 -2 -100 -45 -47 -4
97
27 -27 -102 -86 -30 -103 -104 -105 -54 -106 -107 -58 -108 -86 -109 -110 -111
27 -27 -112 -86 -113 -35 -106 -58 -114 -86 -115 -92 -35 -77 -70 -116 -117 -49 -118 -49 -93 -58 -119
16 -39 -40 -41 -77 -43 -53 -45 -120 -47 -4
16 -39 -16 -39 -40 -41 -41 -121 -43 -65 -16 -39 -16 -39 -40 -41 -41 -45 -47 -4
97
122 -123 -16 -39 -40 -41 -44 -45 -40 -46 -47 -124 -11 -70 -14 -26
16 -39 -40 -41 -42 -43 -65 -16 -39 -40 -41 -45 -47 -4
16 -39 -40 -41 -125 -43 -65 -16 -39 -40 -41 -45 -47 -4
8 -66 -43 -65 -8 -45 -65 -12 -45 -46 -47 -47 -4
40 -126 -4
73 -45 -45 -125 -43 -66 -2 -74 -45 -47 -47 -75 -76 -47
26
42 -2 -85 -45 -125 -47 -4
97
127 -42 -4
97
121 -122 -16 -39 -40 -41 -53 -45 -40 -119 -47 -26
16 -39 -40 -41 -77 -43 -65 -16 -39 -40 -41 -45 -47 -4
20 -19 -43 -65 -20 -45 -47 -4
128 -26
19 -2 -53 -45 -119 -47 -4
82 -45 -21 -2 -129 -45 -47 -2 -130 -45 -47 -47
26
27 -27 -131 -132
97
98 -26
77 -2 -85 -45 -21 -2 -133 -45 -47 -47 -4
97
97
97 -134 -45 -18 -135 -47 -26
27 -27 -136 -137 -138 -139 -133 -140
134 -2 -141 -45 -47 -4
97
126 -77 -4
97
97
1 -2 -3 -4 -5
6 -7 -2 -8 -2 -9 -4
5 -6 -2 -7 -2 -10 -4
5 -6 -2 -7 -2 -11 -4
5 -6 -2 -7 -2 -12 -4
5 -6 -2 -7 -2 -13 -4
5 -6 -2 -7 -2 -14 -4
5 -6 -2 -7 -2 -15 -4
5 -6 -2 -16 -2 -17 -4
5 -18 -2 -19 -4
5 -20 -2 -21 -4
5 -22 -2 -23 -4
24 -25 -26 -27
26
28 -27 -29 -30 -31 -32 -2 -33 -34 -29 -35 -36 -37 -38 -39
16 -40 -41 -42 -43 -44 -45 -46 -47 -48 -4
27 -27 -28 -49 -6 -38 -50 -51 -52 -53 -54 -55 -49 -56 -29 -57 -58 -59 -60 -21 -49 -61 -62 -63 -64
16 -39 -40 -41 -65 -43 -66 -16 -39 -40 -41 -45 -47 -4
26
8 -67 -43 -65 -8 -45 -65 -12 -45 -68 -47 -47 -4
40 -69 -4
13 -70 -43 -65 -13 -45 -30 -71 -72 -47 -4
9 -73 -43 -65 -9 -45 -69 -47 -4
74 -45 -45 -68 -43 -66 -2 -75 -45 -47 -47 -76 -77 -47
26
26
16 -39 -40 -41 -78 -43 -53 -45 -68 -47 -4
27 -27 -50 -59 -21 -79 -70 -80 -81 -21 -61 -34 -82 -83 -84 -85 -86 -54 -58 -87 -34
26
82 -45 -64 -2 -88 -45 -21 -47 -47
26
27 -27 -50 -59 -52 -78 -89 -90 -29 -21 -57 -91 -92 -93 -49 -94 -54 -58 -29 -30
95 -96 -43 -64 -2 -97 -45 -21 -47 -4
98
99
26
64 -2 -85 -45 -21 -47 -4
94 -95 -43 -64 -2 -100 -45 -47 -4
97
97
26
97
97
97
72 -2 -101 -45 -47 -4
69 -2 -100 -45 -47 -4
97
27 -27 -102 -86 -30 -103 -104 -105 -54 -106 -107 -58 -108 -86 -109 -110 -111
27 -27 -112 -86 -113 -35 -106 -58 -114 -86 -115 -92 -35 -77 -70 -116 -117 -49 -118 -49 -93 -58 -119
16 -39 -40 -41 -77 -43 -53 -45 -120 -47 -4
16 -39 -16 -39 -40 -41 -41 -121 -43 -65 -16 -39 -16 -39 -40 -41 -41 -45 -47 -4
97
122 -123 -16 -39 -40 -41 -44 -45 -40 -46 -47 -124 -11 -70 -14 -26
16 -39 -40 -41 -42 -43 -65 -16 -39 -40 -41 -45 -47 -4
16 -39 -40 -41 -125 -43 -65 -16 -39 -40 -41 -45 -47 -4
8 -66 -43 -65 -8 -45 -65 -12 -45 -46 -47 -47 -4
40 -126 -4
73 -45 -45 -125 -43 -66 -2 -74 -45 -47 -47 -75 -76 -47
26
42 -2 -85 -45 -125 -47 -4
97
127 -42 -4
97
121 -122 -16 -39 -40 -41 -53 -45 -40 -119 -47 -26
16 -39 -40 -41 -77 -43 -65 -16 -39 -40 -41 -45 -47 -4
20 -19 -43 -65 -20 -45 -47 -4
128 -26
19 -2 -53 -45 -119 -47 -4
82 -45 -21 -2 -129 -45 -47 -2 -130 -45 -47 -47
26
27 -27 -131 -132
97
98 -26
77 -2 -85 -45 -21 -2 -133 -45 -47 -47 -4
97
97
97 -134 -45 -18 -135 -47 -26
27 -27 -136 -137 -138 -139 -133 -140
134 -2 -141 -45 -47 -4
97
126 -77 -4
97
97
