2 -1 2 -1 4 -1 #SUP: 10
2 -1 2 -1 #SUP: 11
2 -1 4 -1 #SUP: 24
2 -1 28 -1 4 -1 #SUP: 4
2 -1 28 -1 #SUP: 5
2 -1 92 -1 52 -1 54 -1 4 -1 #SUP: 3
2 -1 92 -1 52 -1 28 -1 54 -1 4 -1 #SUP: 2
2 -1 107 -1 52 -1 54 -1 4 -1 #SUP: 2
2 -1 52 -1 2 -1 52 -1 54 -1 54 -1 #SUP: 2
2 -1 52 -1 54 -1 4 -1 #SUP: 11
2 -1 52 -1 54 -1 #SUP: 15
2 -1 52 -1 28 -1 54 -1 4 -1 #SUP: 3
2 -1 52 -1 28 -1 54 -1 54 -1 #SUP: 2
2 -1 52 -1 28 -1 54 -1 #SUP: 4
2 -1 #SUP: 29
4 -1 #SUP: 42
5 -1 2 -1 2 -1 4 -1 #SUP: 8
5 -1 2 -1 4 -1 #SUP: 11
5 -1 6 -1 2 -1 2 -1 4 -1 #SUP: 7
5 -1 6 -1 2 -1 7 -1 2 -1 4 -1 #SUP: 6
5 -1 #SUP: 12
6 -1 2 -1 2 -1 4 -1 #SUP: 8
6 -1 7 -1 2 -1 4 -1 #SUP: 7
6 -1 #SUP: 9
8 -1 50 -1 72 -1 8 -1 52 -1 72 -1 12 -1 52 -1 54 -1 54 -1 4 -1 #SUP: 2
8 -1 4 -1 #SUP: 3
9 -1 4 -1 #SUP: 2
11 -1 #SUP: 2
12 -1 4 -1 #SUP: 3
13 -1 4 -1 #SUP: 2
14 -1 #SUP: 2
16 -1 4 -1 #SUP: 9
16 -1 46 -1 47 -1 48 -1 72 -1 16 -1 46 -1 47 -1 48 -1 52 -1 54 -1 4 -1 #SUP: 5
16 -1 46 -1 47 -1 48 -1 47 -1 54 -1 #SUP: 7
16 -1 46 -1 47 -1 48 -1 50 -1 16 -1 46 -1 47 -1 48 -1 52 -1 54 -1 4 -1 #SUP: 5
16 -1 46 -1 47 -1 48 -1 50 -1 52 -1 54 -1 4 -1 #SUP: 7
16 -1 46 -1 47 -1 48 -1 50 -1 72 -1 16 -1 46 -1 47 -1 48 -1 52 -1 54 -1 4 -1 #SUP: 4
16 -1 46 -1 47 -1 48 -1 50 -1 60 -1 52 -1 54 -1 4 -1 #SUP: 2
16 -1 46 -1 47 -1 48 -1 52 -1 54 -1 #SUP: 9
16 -1 46 -1 47 -1 48 -1 84 -1 50 -1 52 -1 54 -1 4 -1 #SUP: 2
16 -1 46 -1 47 -1 48 -1 60 -1 52 -1 54 -1 #SUP: 3
16 -1 47 -1 48 -1 49 -1 50 -1 52 -1 54 -1 4 -1 #SUP: 2
16 -1 47 -1 48 -1 50 -1 52 -1 54 -1 4 -1 #SUP: 8
16 -1 47 -1 48 -1 51 -1 52 -1 53 -1 54 -1 #SUP: 2
16 -1 47 -1 48 -1 52 -1 54 -1 #SUP: 10
16 -1 #SUP: 11
23 -1 4 -1 #SUP: 2
25 -1 #SUP: 2
26 -1 4 -1 #SUP: 3
26 -1 52 -1 54 -1 4 -1 #SUP: 2
27 -1 4 -1 #SUP: 2
28 -1 #SUP: 9
33 -1 #SUP: 16
34 -1 34 -1 65 -1 56 -1 #SUP: 2
34 -1 34 -1 65 -1 #SUP: 6
34 -1 34 -1 66 -1 68 -1 93 -1 #SUP: 2
34 -1 34 -1 66 -1 68 -1 #SUP: 3
34 -1 34 -1 66 -1 #SUP: 4
34 -1 34 -1 77 -1 65 -1 #SUP: 2
34 -1 34 -1 77 -1 93 -1 #SUP: 2
34 -1 34 -1 77 -1 #SUP: 3
34 -1 34 -1 89 -1 93 -1 65 -1 #SUP: 2
34 -1 34 -1 93 -1 65 -1 93 -1 99 -1 42 -1 #SUP: 2
34 -1 34 -1 93 -1 65 -1 93 -1 #SUP: 3
34 -1 34 -1 93 -1 65 -1 77 -1 #SUP: 2
34 -1 34 -1 93 -1 65 -1 #SUP: 4
34 -1 34 -1 93 -1 42 -1 93 -1 #SUP: 2
34 -1 34 -1 93 -1 113 -1 65 -1 93 -1 #SUP: 2
34 -1 34 -1 93 -1 61 -1 65 -1 #SUP: 2
34 -1 34 -1 93 -1 #SUP: 6
34 -1 34 -1 99 -1 100 -1 65 -1 #SUP: 2
34 -1 34 -1 99 -1 56 -1 65 -1 #SUP: 2
34 -1 34 -1 99 -1 #SUP: 3
34 -1 34 -1 37 -1 #SUP: 2
34 -1 34 -1 56 -1 65 -1 #SUP: 3
34 -1 34 -1 56 -1 56 -1 65 -1 #SUP: 2
34 -1 34 -1 56 -1 61 -1 65 -1 #SUP: 2
34 -1 34 -1 56 -1 61 -1 36 -1 #SUP: 2
34 -1 34 -1 57 -1 66 -1 28 -1 68 -1 #SUP: 2
34 -1 34 -1 57 -1 66 -1 28 -1 56 -1 #SUP: 2
34 -1 34 -1 57 -1 66 -1 28 -1 61 -1 65 -1 #SUP: 2
34 -1 34 -1 57 -1 66 -1 28 -1 #SUP: 3
34 -1 34 -1 57 -1 59 -1 36 -1 64 -1 65 -1 #SUP: 2
34 -1 34 -1 57 -1 59 -1 36 -1 64 -1 56 -1 #SUP: 2
34 -1 34 -1 57 -1 59 -1 36 -1 28 -1 56 -1 #SUP: 2
34 -1 34 -1 57 -1 59 -1 56 -1 65 -1 #SUP: 2
34 -1 34 -1 57 -1 59 -1 56 -1 36 -1 #SUP: 2
34 -1 34 -1 57 -1 59 -1 61 -1 65 -1 #SUP: 2
34 -1 34 -1 57 -1 59 -1 61 -1 36 -1 #SUP: 2
34 -1 34 -1 57 -1 61 -1 65 -1 #SUP: 3
34 -1 34 -1 61 -1 65 -1 #SUP: 4
34 -1 34 -1 #SUP: 11
34 -1 36 -1 36 -1 #SUP: 2
34 -1 36 -1 37 -1 #SUP: 2
34 -1 36 -1 #SUP: 3
34 -1 37 -1 #SUP: 3
34 -1 41 -1 #SUP: 2
34 -1 42 -1 #SUP: 3
34 -1 45 -1 #SUP: 2
34 -1 #SUP: 13
35 -1 36 -1 #SUP: 2
35 -1 45 -1 #SUP: 2
37 -1 #SUP: 4
46 -1 #SUP: 10
47 -1 4 -1 #SUP: 10
47 -1 #SUP: 12
49 -1 4 -1 #SUP: 4
49 -1 52 -1 54 -1 4 -1 #SUP: 3
50 -1 2 -1 52 -1 54 -1 #SUP: 4
50 -1 72 -1 52 -1 54 -1 4 -1 #SUP: 10
50 -1 73 -1 52 -1 54 -1 #SUP: 3
50 -1 52 -1 75 -1 54 -1 4 -1 #SUP: 2
50 -1 52 -1 53 -1 54 -1 4 -1 #SUP: 2
50 -1 52 -1 54 -1 4 -1 #SUP: 16
50 -1 52 -1 54 -1 54 -1 #SUP: 4
50 -1 52 -1 54 -1 #SUP: 18
52 -1 2 -1 52 -1 54 -1 54 -1 54 -1 #SUP: 3
52 -1 2 -1 52 -1 54 -1 54 -1 #SUP: 5
52 -1 75 -1 54 -1 #SUP: 3
52 -1 151 -1 54 -1 #SUP: 2
52 -1 28 -1 2 -1 52 -1 54 -1 54 -1 #SUP: 2
52 -1 28 -1 54 -1 54 -1 #SUP: 3
52 -1 28 -1 54 -1 #SUP: 5
52 -1 52 -1 2 -1 52 -1 54 -1 54 -1 #SUP: 3
52 -1 52 -1 75 -1 54 -1 54 -1 #SUP: 2
52 -1 52 -1 50 -1 73 -1 2 -1 82 -1 83 -1 54 -1 #SUP: 2
52 -1 52 -1 50 -1 73 -1 2 -1 52 -1 54 -1 54 -1 83 -1 54 -1 #SUP: 2
52 -1 52 -1 54 -1 54 -1 4 -1 #SUP: 3
52 -1 52 -1 54 -1 54 -1 #SUP: 7
52 -1 53 -1 54 -1 #SUP: 3
52 -1 54 -1 33 -1 #SUP: 3
52 -1 54 -1 4 -1 #SUP: 25
52 -1 54 -1 #SUP: 32
60 -1 52 -1 145 -1 54 -1 #SUP: 2
60 -1 52 -1 54 -1 4 -1 #SUP: 3
60 -1 52 -1 54 -1 #SUP: 4
60 -1 #SUP: 5
71 -1 2 -1 52 -1 54 -1 4 -1 #SUP: 3
71 -1 2 -1 52 -1 54 -1 #SUP: 4
71 -1 2 -1 52 -1 28 -1 54 -1 4 -1 #SUP: 2
71 -1 2 -1 52 -1 28 -1 54 -1 #SUP: 3
71 -1 #SUP: 5
72 -1 52 -1 54 -1 4 -1 #SUP: 11
73 -1 52 -1 54 -1 4 -1 #SUP: 2
73 -1 52 -1 54 -1 54 -1 #SUP: 3
73 -1 52 -1 54 -1 #SUP: 4
76 -1 4 -1 #SUP: 3
76 -1 54 -1 4 -1 #SUP: 2
77 -1 #SUP: 5
78 -1 #SUP: 2
79 -1 54 -1 4 -1 #SUP: 2
80 -1 50 -1 52 -1 54 -1 #SUP: 2
81 -1 52 -1 82 -1 83 -1 54 -1 #SUP: 2
81 -1 52 -1 54 -1 54 -1 83 -1 54 -1 #SUP: 2
84 -1 4 -1 #SUP: 4
84 -1 52 -1 54 -1 4 -1 #SUP: 3
84 -1 54 -1 #SUP: 4
84 -1 #SUP: 6
85 -1 #SUP: 2
89 -1 52 -1 2 -1 52 -1 54 -1 54 -1 #SUP: 2
89 -1 52 -1 28 -1 54 -1 54 -1 #SUP: 2
89 -1 #SUP: 4
92 -1 #SUP: 4
101 -1 #SUP: 2
102 -1 50 -1 71 -1 2 -1 52 -1 54 -1 4 -1 #SUP: 2
104 -1 52 -1 54 -1 #SUP: 2
104 -1 #SUP: 17
105 -1 #SUP: 2
118 -1 2 -1 52 -1 54 -1 4 -1 #SUP: 2
118 -1 #SUP: 3
145 -1 #SUP: 3
147 -1 16 -1 46 -1 47 -1 48 -1 52 -1 54 -1 #SUP: 2
148 -1 16 -1 46 -1 47 -1 48 -1 52 -1 47 -1 54 -1 33 -1 #SUP: 2
151 -1 50 -1 52 -1 54 -1 #SUP: 2
151 -1 54 -1 4 -1 #SUP: 2
151 -1 54 -1 #SUP: 3
152 -1 4 -1 #SUP: 2
159 -1 #SUP: 2
160 -1 52 -1 54 -1 #SUP: 2
